num_rings: 12
dots_per_ring: 15
min_dot_size: 505
max_dot_size: 1005
dot_color: [1. 1. 1.]
background_color: [0.05882353 0.11764706 0.19607843]
ring_threshold: 0
radius_factor: 0.2
hyperprior: gaussian
jitter_factor: 0.01
random_seed: 42
theta_sup: 3.141592653589793
theta_inf: 1.5707963267948966
theta_mid: 2.356194490192345
theta_std: 0.5026548245743669
vertical_offset: 0
horizontal_offset: 0
square_size: 10
radial_offset: 0.5
dpi: 200
font_size: 250
